32	87	89
32	87	697
32	87	1750
32	87	4248
32	87	4718
32	87	6132
32	87	6674
32	87	6885
32	87	7029
32	87	7409
32	87	7673
32	87	8166
32	87	8266
32	87	8909
32	87	9087
32	87	9614
32	87	9666
32	87	10082
32	87	10846
32	87	10882
32	87	10952
32	87	11394
32	87	11433
32	87	11553
32	87	11655
32	87	11740
32	87	11938
32	87	12007
32	87	12013
32	87	12233
32	87	12271
32	87	12286
32	87	12659
32	87	13021
32	87	13092
32	87	13099
32	87	13105
32	87	13170
32	87	13299
32	87	13313
32	87	13541
32	87	13588
32	87	13723
32	87	14077
36	22	4047
36	22	6385
53	22	227
53	22	4502
53	22	4538
53	22	4596
53	22	4677
53	22	5128
53	22	9078
53	22	9289
53	22	9305
53	22	9716
53	22	13417
167	22	3993
171	50	6691
171	50	8227
171	50	9072
171	50	12156
171	50	12825
171	50	12842
171	59	6116
181	87	14231
192	1	11737
194	55	5013
194	55	8920
220	59	2067
220	59	2495
220	59	3922
220	59	4745
220	59	5793
220	59	6337
220	59	9064
220	59	10336
228	1	6511
236	63	340
236	63	588
236	63	756
236	63	1497
236	63	1767
236	63	2526
236	63	2775
236	63	2844
236	63	2845
236	63	2877
236	63	3657
236	63	4403
236	63	4575
236	63	4644
236	63	4949
236	63	5348
236	63	5592
236	63	5685
236	63	6531
236	63	6624
236	63	6632
236	63	6675
236	63	6791
236	63	6812
236	63	6991
236	63	7536
236	63	8153
236	63	8308
236	63	8968
236	63	9338
236	63	9540
236	63	9630
236	63	10195
236	63	10214
236	63	10726
236	63	11371
236	63	11431
236	63	12088
236	63	12202
236	63	12449
236	63	12512
236	63	12654
236	63	13397
298	1	3424
330	78	119
330	78	308
330	78	382
330	78	1934
331	87	13374
340	22	2148
344	125	2431
344	125	5488
344	125	5876
344	125	8295
344	125	8579
344	125	9390
344	125	11498
353	22	3564
400	1	7022
400	1	8590
400	1	11642
434	161	961
434	161	1263
434	161	1269
434	161	1551
434	161	1806
434	161	2068
434	161	2091
434	161	2667
434	161	2780
434	161	3160
434	161	3612
434	161	3627
434	161	3890
434	161	4231
434	161	4557
434	161	4591
434	161	4706
434	161	5138
434	161	5949
434	161	6423
434	161	7089
434	161	7133
434	161	8373
434	161	8426
434	161	8528
434	161	9164
434	161	9432
434	161	9564
434	161	10157
434	161	10443
434	161	10697
434	161	10762
434	161	10789
434	161	10954
434	161	11115
434	161	11147
434	161	11511
434	161	11529
434	161	11912
434	161	12007
434	161	12189
434	161	12286
434	161	12355
434	161	12359
434	161	12922
434	161	12935
434	161	12946
434	161	13216
434	161	13263
434	161	14094
434	161	14218
434	161	14423
434	161	14477
447	22	798
447	22	3498
447	22	4677
549	215	5853
549	215	8232
588	22	869
588	22	939
588	22	1720
588	22	2796
588	22	3118
588	22	4406
588	22	8151
588	22	9980
588	22	10256
588	22	10998
588	22	12179
593	22	11106
594	140	11007
595	71	178
595	71	2419
595	71	3516
595	71	3768
595	71	4495
595	71	4727
595	71	4732
595	71	5162
595	71	5522
595	71	5950
595	71	9503
595	71	11182
595	71	11682
634	173	9329
636	207	8720
640	59	8969
706	189	7991
733	22	3584
733	22	11788
777	59	2652
777	59	3002
777	59	7299
782	140	7991
787	59	1658
842	22	187
842	22	12953
879	71	248
879	71	282
879	71	283
879	71	312
879	71	461
879	71	1147
879	71	1917
879	71	2042
879	71	2060
879	71	2446
879	71	2606
879	71	4070
879	71	4198
879	71	4204
879	71	4210
879	71	4222
879	71	4656
879	71	5347
879	71	6203
879	71	6256
879	71	6387
879	71	6475
879	71	6759
879	71	6764
879	71	7556
879	71	7604
879	71	7865
879	71	8108
879	71	8158
879	71	8169
879	71	8306
879	71	9237
879	71	9555
879	71	10264
879	71	10334
879	71	10551
879	71	10622
879	71	10637
879	71	10917
879	71	10950
879	71	11004
879	71	11313
879	71	11602
879	71	11869
879	71	12904
911	59	6160
911	59	7955
911	125	1579
911	125	4378
911	125	4433
911	125	13496
918	126	265
918	126	959
918	126	1545
918	126	2094
918	126	2564
918	126	2592
918	126	5169
918	126	6597
918	126	7264
918	126	7523
918	126	7945
918	126	10276
927	22	8465
963	132	9685
972	22	7473
978	50	4934
978	50	7987
978	50	8491
978	50	9700
978	50	9723
978	50	9864
978	50	11721
995	71	8595
1002	211	4879
1019	189	1770
1090	22	3041
1128	102	12120
1177	189	321
1177	189	549
1177	189	1473
1177	189	1534
1177	189	4222
1177	189	6412
1177	189	6857
1177	189	8015
1177	189	8213
1177	189	8263
1177	189	8765
1177	189	9835
1177	189	11074
1177	189	11121
1178	22	2549
1180	102	4006
1203	1	1772
1224	102	7261
1231	71	2215
1231	71	2347
1231	71	7065
1231	71	11329
1239	102	761
1242	1	4822
1247	22	6254
1253	71	214
1253	71	425
1253	71	802
1253	71	1101
1253	71	1997
1253	71	2355
1253	71	3078
1253	71	3938
1253	71	4362
1253	71	5320
1253	71	5533
1253	71	5797
1253	71	7327
1253	71	7868
1253	71	8522
1253	71	9008
1253	71	9020
1253	71	10005
1253	71	10070
1306	149	2698
1306	149	5596
1306	149	9003
1323	189	5528
1330	189	2374
1330	189	10394
1360	125	8114
1360	125	8359
1447	158	7647
1447	158	13274
1464	22	3951
1464	22	6064
1467	140	549
1474	22	13559
1480	22	806
1480	22	6852
1480	22	7642
1480	22	8302
1493	140	4950
1557	158	4117
1561	1	848
1561	1	6387
1566	189	3262
1566	189	4825
1566	189	6064
1566	189	7841
1578	22	5572
1604	22	5373
1611	71	1174
1611	71	1348
1611	71	8859
1611	71	9642
1611	71	9718
1611	71	12283
1640	22	10111
1697	207	5578
1700	165	380
1700	165	2161
1700	165	3619
1700	165	7703
1700	165	8370
1700	165	12645
1702	207	4439
1711	22	1205
1711	22	3446
1711	22	5328
1741	207	7889
1794	59	469
1794	59	1888
1794	59	3066
1794	59	5461
1794	140	8872
1794	140	9319
1800	59	5651
1824	22	9864
1842	22	1455
1842	22	5786
1842	22	7574
1848	158	2471
1848	158	8817
1848	158	12104
1848	207	1364
1864	1	4134
1887	215	1595
1891	168	119
1891	168	1682
1917	102	2460
1917	102	3950
1917	102	4282
1919	1	7551
1919	1	9201
1948	22	3619
1977	22	6333
2009	22	523
2009	22	3018
2009	22	5187
2010	173	6683
2064	59	2591
2064	59	9778
2102	22	2793
2135	63	13141
2173	22	4565
2181	102	660
2207	1	1532
2218	1	193
2218	1	10872
2234	153	4112
2254	22	9668
2256	22	3788
2256	22	5950
2279	71	130
2279	71	792
2279	71	948
2279	71	1629
2279	71	2007
2279	71	2008
2279	71	2524
2279	71	2539
2279	71	3712
2279	71	4165
2279	71	4498
2279	71	4688
2279	71	4829
2279	71	5187
2279	71	5720
2279	71	7115
2279	71	7232
2279	71	8740
2279	71	9410
2279	71	10078
2279	71	10494
2279	71	12040
2308	140	8384
2322	158	175
2322	158	1919
2322	158	2856
2322	158	4947
2370	140	7816
2371	140	5528
2491	22	13109
2526	22	5960
2526	22	10043
2534	22	1875
2534	22	8493
2535	158	2218
2561	102	3508
2561	102	11402
2588	22	8727
2665	22	886
2665	22	2696
2665	22	5326
2665	22	6925
2665	22	11602
2735	22	1351
2736	140	3032
2736	140	6822
2736	140	9402
2754	22	1492
2754	22	2549
2754	22	3454
2754	22	5290
2754	22	6393
2754	22	8783
2754	22	9279
2754	22	11415
2754	22	11682
2798	22	4391
2845	22	3967
2856	1	9429
2878	153	12242
2896	1	1560
2901	22	9827
2955	22	4214
2964	140	10088
3004	207	4840
3052	1	11246
3106	59	643
3127	158	13784
3127	207	1364
3133	22	10042
3135	59	2529
3139	22	7500
3169	22	716
3169	22	1128
3169	22	2018
3169	22	2119
3169	22	2280
3169	22	2957
3169	22	6105
3169	22	7130
3169	22	10441
3169	22	12331
3169	22	12505
3169	207	5836
3181	189	54
3183	22	1207
3183	22	4237
3183	22	6121
3183	22	7515
3183	22	10394
3183	22	12297
3222	211	6537
3222	211	8705
3222	211	9357
3222	211	11318
3226	63	8764
3226	63	12932
3227	22	5535
3227	22	5769
3232	140	897
3272	59	6345
3280	50	9515
3285	22	8279
3299	55	2676
3299	55	4998
3299	55	7539
3299	55	11626
3305	22	3424
3305	22	6046
3324	71	758
3324	71	2027
3324	71	2188
3324	71	3795
3324	71	4472
3324	71	7515
3324	71	12339
3330	71	255
3330	71	752
3330	71	919
3330	71	988
3330	71	2810
3330	71	4093
3330	71	4311
3330	71	4458
3330	71	5065
3387	215	2428
3387	215	5065
3387	215	6312
3387	215	6989
3387	215	7479
3417	50	8262
3451	71	1783
3451	71	2133
3451	71	4639
3451	71	9007
3451	71	9398
3511	211	7544
3515	22	8643
3535	50	9675
3535	50	10334
3557	22	4664
3558	1	784
3622	207	9389
3657	22	9472
3730	140	5985
3730	140	9319
3751	22	8521
3830	63	5844
3830	63	7295
3830	63	12192
3834	22	7665
3835	140	5073
3872	1	1013
3921	22	3269
3921	22	7383
3929	71	799
3929	71	979
3929	71	5072
3929	71	7472
3929	71	9483
3929	71	12369
4002	140	3788
4002	140	3997
4002	140	11182
4005	59	2120
4008	1	6046
4011	22	3930
4011	22	4391
4024	50	7612
4029	22	1099
4029	22	10494
4047	102	3168
4055	50	1326
4055	50	3125
4055	50	3847
4055	50	5376
4055	50	6903
4055	50	7262
4055	50	7924
4055	50	8020
4055	50	8606
4055	50	9427
4055	50	9664
4055	50	10536
4055	50	10600
4055	50	11121
4055	50	11342
4055	50	11343
4055	50	12508
4071	22	4490
4072	1	3494
4072	1	13304
4092	153	6085
4096	22	5608
4098	22	4401
4098	22	11682
4143	22	144
4143	22	1798
4143	22	7800
4143	22	10796
4156	173	12483
4183	59	5
4204	102	7539
4244	102	10079
4330	22	177
4330	22	12842
4390	50	3376
4390	50	3425
4390	50	6748
4390	50	7870
4403	22	12297
4413	63	268
4413	63	796
4413	63	918
4413	63	1283
4413	63	4251
4413	63	7191
4413	63	8034
4413	63	10529
4413	63	13953
4563	55	1999
4563	55	2407
4563	55	3789
4563	55	4262
4563	55	7182
4564	125	11337
4611	1	4827
4626	1	323
4632	22	4705
4632	22	10955
4644	22	3012
4660	1	1218
4660	1	9008
4683	22	3480
4683	22	4320
4683	22	5216
4683	22	7723
4683	22	8995
4683	22	11602
4709	189	8227
4735	158	649
4739	59	1692
4739	59	3138
4753	71	1927
4753	71	6035
4753	71	7251
4753	71	7586
4753	71	7816
4753	71	9184
4753	71	9225
4753	71	9258
4753	71	11364
4753	71	11779
4753	71	13209
4753	71	13363
4753	71	13704
4753	71	13772
4770	71	1180
4770	71	2339
4770	71	3750
4770	71	4587
4770	71	9040
4770	71	9796
4770	71	12081
4784	71	1738
4784	71	7783
4784	71	10279
4791	125	8899
4797	59	2835
4797	59	3134
4797	59	3950
4797	59	13601
4836	207	10674
4877	22	885
4877	22	3471
4895	22	8156
4907	59	1028
4907	59	4357
4907	59	6635
4907	59	10935
4907	140	2500
4947	1	6986
4949	22	9537
4966	22	1854
4996	71	7677
5008	22	4643
5034	1	5605
5034	1	9380
5113	1	6975
5121	102	3066
5153	22	10186
5169	59	9891
5198	132	8080
5198	132	8469
5198	132	11749
5230	59	1950
5237	63	3954
5237	63	4022
5237	63	4334
5237	63	5266
5237	63	6003
5237	63	6490
5237	63	7690
5237	63	9159
5237	63	12769
5237	63	13260
5237	63	13422
5249	22	8345
5256	1	1685
5256	1	6104
5256	1	6697
5256	1	10641
5256	1	13559
5266	22	2932
5267	71	3084
5267	71	6058
5267	71	10322
5299	59	2111
5310	1	10487
5317	71	730
5317	71	2793
5317	71	4025
5317	71	6226
5317	71	10045
5333	71	6427
5333	71	7242
5333	71	8315
5341	140	3962
5341	140	6120
5341	140	8465
5341	140	9810
5364	22	6588
5364	22	7174
5364	22	9878
5365	153	7517
5410	1	4012
5463	22	11999
5467	71	1113
5467	71	2018
5467	71	3189
5467	71	6992
5467	71	7479
5467	71	10950
5476	22	716
5509	149	2678
5509	149	9569
5510	102	1003
5525	50	6663
5525	50	10365
5576	1	3445
5579	50	7799
5644	22	9709
5662	1	6986
5662	1	7531
5678	59	78
5678	59	5013
5678	59	5126
5678	59	5754
5678	59	11398
5705	22	10156
5758	22	6234
5767	153	7924
5780	22	670
5780	22	2631
5780	22	11586
5807	22	4881
5817	153	2428
5844	22	9503
5851	22	7052
5856	22	10805
5971	1	9719
5983	50	1734
5983	50	5839
5983	50	6121
5983	50	8227
5983	50	9572
5983	50	11678
5994	22	5572
5994	22	11152
6055	22	7548
6092	59	1904
6118	22	6515
6139	22	6165
6205	149	5468
6270	22	4420
6305	22	9292
6318	1	6333
6323	22	4032
6332	22	54
6332	22	80
6332	22	385
6332	22	5197
6377	149	8380
6377	149	10441
6392	233	2016
6392	233	2876
6392	233	4307
6392	233	5169
6392	233	5277
6392	233	5628
6392	233	6105
6392	233	8054
6392	233	8412
6398	158	3461
6398	158	10752
6440	50	3902
6440	50	5870
6440	50	11323
6452	22	1408
6454	71	3763
6456	71	8438
6456	71	9403
6480	140	13645
6507	22	4693
6559	1	12201
6614	22	4412
6614	22	9054
6614	22	9690
6632	22	1155
6632	22	1689
6632	22	10118
6639	22	3883
6654	59	837
6656	22	4661
6673	22	7723
6708	22	4720
6708	22	8538
6726	50	11669
6727	50	10596
6741	22	6765
6783	71	262
6783	71	1686
6783	71	9020
6786	22	2453
6791	22	9404
6795	22	4268
6795	22	4508
6795	22	10238
6817	22	13361
6839	1	6428
6859	71	3223
6895	1	10208
6905	71	61
6905	71	979
6905	71	2118
6905	71	4166
6905	71	7612
6905	71	10605
6980	50	1905
6980	50	3208
6980	50	12842
7031	153	3189
7042	71	289
7042	71	1536
7042	71	2059
7042	71	5471
7042	71	8851
7042	71	8997
7042	71	11129
7045	1	6721
7045	1	12366
7114	22	9422
7158	173	3252
7175	59	7056
7175	59	9556
7228	22	10814
7246	207	4531
7265	22	256
7265	22	1026
7265	22	2083
7265	22	2824
7265	22	4202
7265	22	4601
7265	22	8171
7265	22	9073
7265	22	11322
7282	71	1207
7306	50	12965
7356	189	1701
7415	168	99
7415	168	293
7415	168	890
7415	168	1022
7415	168	1087
7415	168	1163
7415	168	1712
7415	168	1744
7415	168	1837
7415	168	3028
7415	168	4253
7415	168	4300
7415	168	5001
7415	168	5172
7415	168	6293
7415	168	8576
7415	168	9178
7415	168	9534
7464	22	11642
7507	22	2253
7507	22	12288
7510	71	6450
7510	71	6677
7513	207	5470
7557	102	3822
7558	71	6034
7558	71	10500
7595	173	4862
7595	173	8819
7623	1	1396
7647	1	694
7727	22	758
7740	22	9515
7740	22	11758
7775	22	6119
7775	22	6280
7775	22	6713
7775	22	7121
7775	22	7780
7775	22	8460
7775	22	11294
7776	1	4716
7781	1	752
7807	71	7886
7910	22	8038
7913	132	10856
7913	132	11665
7939	22	5495
7942	22	4623
7997	59	290
8013	22	2299
8037	149	1232
8037	149	4513
8037	149	4677
8082	22	9531
8115	1	10115
8117	189	7562
8120	173	3519
8120	173	5922
8154	59	15
8154	59	3334
8154	59	4364
8154	59	5945
8163	1	10863
8198	22	11043
8202	78	4135
8211	153	11833
8242	50	8418
8242	50	11754
8244	22	998
8273	1	6334
8273	1	12165
8284	22	820
8308	22	4656
8313	132	8828
8313	132	9260
8313	132	11026
8313	132	11808
8313	132	12771
8347	1	9612
8368	71	3564
8425	22	4720
8433	165	512
8433	165	2433
8433	165	6462
8457	233	3165
8457	233	10144
8479	158	13995
8531	102	5744
8569	22	8171
8587	168	816
8587	168	834
8587	168	1163
8587	168	3028
8622	22	5769
8647	102	4583
8649	22	6867
8662	22	1476
8681	140	4041
8695	1	2360
8695	1	12568
8740	59	5893
8741	22	5795
8742	50	6191
8742	50	10690
8742	50	12876
8748	1	5537
8751	1	13049
8764	22	2433
8796	207	1202
8796	207	13016
8883	102	9143
8907	153	3652
8968	22	2629
8996	211	11285
9037	22	6272
9037	22	6776
9059	1	11771
9059	1	13210
9066	71	4848
9066	71	7816
9066	71	8972
9070	59	2680
9147	71	54
9147	71	2748
9147	71	5608
9147	71	6888
9147	71	10736
9198	22	11865
9234	59	1883
9276	207	13632
9330	22	11633
9354	1	5723
9394	22	4369
9395	50	4537
9395	59	5058
9395	59	8324
9395	59	9742
9409	22	12156
9442	22	45
9459	22	5636
9489	50	621
9489	50	6677
9547	59	1322
9561	1	12717
9562	22	2833
9565	22	2175
9565	22	8159
9565	22	9328
9583	22	282
9583	22	9092
9597	22	7543
9597	22	8449
9606	50	977
9606	50	10640
9630	22	6165
9651	149	3862
9661	71	1351
9661	71	2147
9661	71	2552
9661	71	7665
9671	126	115
9671	126	1230
9671	126	2197
9671	126	3603
9671	126	3993
9671	126	8169
9671	126	8859
9671	126	11754
9671	126	12790
9671	126	13597
9679	153	3070
9679	153	3148
9726	59	4824
9753	71	2834
9753	71	9995
9753	71	10367
9764	140	942
9764	140	2824
9764	140	5537
9787	50	10512
9787	50	13363
9788	22	10411
9807	1	775
9888	22	8872
9915	22	10216
9917	50	8661
9917	50	10304
9917	50	11782
9935	22	8872
10025	125	9285
10061	158	8452
10094	207	13671
10103	22	8816
10103	22	9695
10108	140	11279
10166	22	8960
10195	22	7612
10195	22	11664
10268	1	4369
10272	1	12470
10275	165	13415
10293	22	7344
10541	22	5140
10566	59	78
10566	59	4270
10566	59	13792
10576	22	3237
10578	22	8402
10616	22	2937
10617	50	8665
10617	50	11334
10627	22	1007
10627	22	1341
10627	22	1769
10627	22	8697
10628	1	4141
10668	207	5953
10674	207	1222
10753	22	2721
10753	22	3333
10753	22	4508
10770	71	12283
10862	126	687
10862	126	2319
10874	63	9562
10900	59	6793
10932	22	11341
10961	22	4060
10967	1	523
11023	22	2058
11024	50	9311
11038	71	6413
11038	71	8981
11040	132	3956
11040	132	6798
11040	132	8891
11094	1	7008
11095	140	6420
11109	50	10487
11170	158	5662
11171	1	7092
11171	1	9190
11176	22	6797
11194	1	11718
11197	22	2602
11199	1	1998
11207	71	417
11207	71	1409
11207	71	3084
11207	71	8549
11207	71	10512
11207	71	10612
11210	158	1635
11240	59	219
11240	59	2125
11240	59	4856
11264	1	7333
11276	22	10345
11280	50	4318
11316	1	2188
11316	1	10324
11382	71	4697
11391	50	2602
11408	140	4222
11457	22	9125
11485	22	8156
11534	59	1397
11534	59	11013
11587	22	2747
11612	1	3209
11680	22	3033
11707	50	4451
11707	50	12299
11707	149	973
11707	149	4269
11743	22	1509
11780	22	2937
11795	71	6387
11822	1	6083
11844	22	2175
11853	71	10259
11882	1	390
11882	1	6034
11882	1	12392
11885	71	4671
11890	1	8871
11982	1	2052
11995	71	8881
12055	126	13559
12060	22	2019
12151	1	8617
12190	1	11722
12193	233	557
12193	233	4688
12193	233	9586
12219	71	8018
12341	50	8689
12341	50	12325
12381	158	11131
12399	125	3999
12407	158	6513
12429	1	7256
12498	50	1092
12498	50	10703
12498	59	1971
12529	158	7736
12591	22	7870
12594	22	10814
12635	22	7886
12667	71	4131
12667	71	7472
12668	71	3608
12675	22	504
12675	22	6972
12718	71	4879
12718	71	6866
12718	71	13843
12725	71	7718
12725	71	13476
12766	22	3423
12766	22	7358
12826	22	9212
12834	158	12938
12848	50	7716
12930	71	2206
12930	71	4268
12930	71	11758
12936	22	7122
12987	132	13840
13008	207	10153
13033	22	8137
13086	59	3594
13089	71	10982
13113	22	13134
13113	22	13772
13141	22	12158
13160	1	870
13269	50	3974
13269	50	8793
13276	132	13649
13347	165	12336
13356	22	6997
13379	71	10680
13486	1	10135
13562	149	4879
13573	22	11130
13609	71	13275
13647	59	5817
13757	50	3763
13757	50	8090
13815	50	5075
13815	50	9333
13820	140	54
13822	158	2896
13822	158	7377
13885	71	7792
14147	50	9318
14147	50	9483
14175	207	14137
14267	158	9467
14308	126	2428
14418	59	2307
14474	126	14525
14514	59	1971
14528	50	13309
