3	24	1327
5	136	5373
6	100	160
15	84	9032
18	235	6976
19	235	10528
24	86	7059
25	25	62
30	100	160
32	154	2706
33	154	2438
35	86	591
35	116	9127
35	136	2235
38	48	32
41	172	4888
44	118	774
48	43	141
53	25	62
57	113	737
59	24	10081
60	181	12435
61	48	32
63	86	9715
66	43	141
68	62	420
68	118	774
71	25	62
72	82	7142
72	100	2272
78	116	6808
92	154	2620
99	62	420
101	11	23
101	155	3423
109	11	23
111	115	6114
111	116	9302
114	48	32
115	24	1327
116	80	344
126	85	1665
127	25	62
132	43	141
143	83	2879
143	143	1551
144	100	160
148	183	10367
149	85	434
150	154	2706
154	43	141
155	11	23
155	25	62
156	60	90
164	80	4791
167	124	2956
170	172	8634
175	185	32
181	62	420
181	118	774
182	11	1794
186	60	90
187	43	384
190	154	2620
193	82	1771
201	84	817
203	48	32
203	100	160
207	25	62
214	82	1771
217	154	2438
218	43	141
219	34	90
219	86	3080
221	86	410
227	24	592
230	116	5283
235	154	10452
249	154	5054
251	48	32
251	100	160
253	39	592
253	43	141
253	48	32
254	85	434
256	85	434
256	100	2272
257	25	62
260	48	1124
262	43	384
263	34	90
267	48	1124
269	115	10107
274	139	7607
281	85	434
284	212	4563
289	82	1771
291	136	2974
292	84	1511
295	48	181
295	85	1665
298	91	494
298	185	32
300	51	1946
301	195	2550
304	85	434
304	187	7623
318	25	62
322	48	32
326	85	434
326	224	3885
335	60	90
336	25	62
341	115	6114
346	43	141
350	82	1771
367	60	90
370	191	3567
372	25	62
381	116	5974
383	48	32
386	43	384
388	24	336
392	85	1665
404	25	62
407	25	62
407	48	32
409	85	434
409	100	160
412	48	32
413	43	141
414	25	62
414	43	384
415	217	3433
418	34	90
419	195	2550
422	154	2438
424	143	1806
425	60	90
427	25	62
431	43	141
436	48	32
438	116	2796
441	113	737
444	120	791
446	80	4791
448	84	6410
449	118	774
451	85	434
459	43	141
469	74	1387
486	11	23
486	203	6322
488	48	32
488	85	434
491	43	141
491	82	1771
498	24	2607
498	48	32
500	183	7147
503	203	12523
504	43	141
504	138	1483
507	160	1327
511	183	6838
514	24	8337
514	85	434
518	154	1874
523	100	160
527	25	62
527	43	141
527	60	90
535	25	62
535	48	32
537	43	141
538	24	592
538	224	3885
539	48	32
539	82	6851
539	85	434
545	25	62
549	48	32
549	85	434
557	48	32
557	60	90
562	24	4309
562	43	141
566	48	119
573	82	2456
575	11	23
583	80	911
592	154	2438
593	172	1978
605	85	434
606	116	5235
607	62	420
607	118	774
609	51	160
611	118	774
616	43	141
618	34	90
621	39	150
621	85	434
624	34	90
630	91	494
630	185	32
634	39	540
639	74	3614
639	116	3755
639	155	11130
643	11	23
643	34	90
643	84	5254
646	80	4564
650	48	32
653	48	32
659	147	382
660	109	2181
660	116	12485
661	60	90
664	48	32
665	48	32
666	34	90
668	43	384
669	86	1485
678	155	3423
678	184	5259
679	11	23
691	43	141
692	48	32
693	191	9650
694	43	141
696	120	791
698	110	494
700	85	434
704	159	588
705	25	62
717	34	90
717	136	8222
718	43	141
718	85	434
722	48	32
723	182	2517
731	24	4939
732	43	141
732	48	1124
738	115	6114
742	25	62
742	199	1327
754	39	954
755	60	90
762	48	32
763	48	6159
769	82	44
772	136	34
773	219	90
775	24	1652
785	191	3567
794	154	1437
794	219	90
796	143	1044
797	11	23
798	48	32
799	82	14258
801	48	32
805	115	747
805	136	7044
808	25	62
812	60	90
813	48	8603
815	172	2759
816	154	2620
817	224	10213
821	154	2438
837	34	90
848	224	592
851	48	32
852	84	6402
860	48	32
865	136	34
870	48	382
870	85	434
872	83	11447
872	143	1806
875	11	23
890	62	420
891	83	10698
893	116	10417
894	200	10858
898	34	90
902	85	434
905	147	382
908	182	3202
915	25	62
917	25	62
917	85	434
920	25	62
922	120	791
922	133	32
925	80	344
930	25	62
932	116	4161
940	48	32
940	100	2272
940	224	2780
942	85	434
942	100	160
949	85	434
951	43	384
957	43	141
957	48	32
958	74	8870
958	183	4742
961	25	62
961	219	90
977	118	774
979	39	43
984	138	8632
993	195	2550
997	11	23
997	136	13843
1000	160	4801
1003	11	23
1003	136	3795
1008	120	791
1013	43	141
1020	217	3433
1027	48	32
1027	82	7859
1028	136	3309
1029	183	5586
1030	39	5304
1035	25	62
1036	25	62
1036	116	4639
1045	34	90
1045	86	8760
1048	60	90
1048	85	434
1048	209	3173
1063	86	7410
1064	43	141
1068	43	141
1075	11	490
1075	34	90
1082	43	141
1096	48	32
1099	43	141
1104	48	32
1104	85	1665
1106	48	1124
1107	84	5373
1113	48	32
1123	43	141
1123	85	434
1127	182	3202
1128	48	32
1129	34	90
1129	86	2839
1131	118	774
1131	221	160
1136	48	32
1147	60	90
1152	110	494
1157	24	592
1158	80	4564
1164	154	2620
1164	195	2550
1165	154	2620
1174	60	90
1182	25	62
1188	48	32
1190	24	4358
1195	86	690
1201	34	90
1201	155	350
1204	154	2438
1209	85	434
1210	155	2027
1212	24	6489
1213	43	141
1215	138	7373
1216	43	141
1220	160	7726
1221	25	62
1221	48	1124
1225	24	1327
1225	43	141
1225	48	32
1236	25	62
1238	11	23
1238	109	7307
1239	43	141
1239	48	32
1242	185	382
1243	43	384
1251	84	16
1258	34	90
1260	62	420
1267	212	4563
1272	160	3627
1273	118	774
1274	82	1771
1276	118	774
1282	74	9110
1294	24	8321
1294	25	62
1294	48	274
1294	160	8321
1298	193	181
1305	24	3955
1309	25	62
1312	136	3795
1315	84	7695
1315	116	6627
1319	100	29
1325	82	4372
1334	24	2309
1335	11	23
1335	34	90
1339	86	7023
1340	62	420
1343	83	1652
1343	113	2982
1344	85	434
1344	110	494
1347	25	62
1348	85	434
1349	191	9176
1350	11	1794
1353	48	449
1359	100	160
1361	62	420
1361	154	2620
1362	24	12101
1367	43	384
1371	100	160
1375	160	3514
1382	24	9568
1384	43	141
1386	182	2192
1388	86	7654
1391	33	90
1392	43	141
1395	82	1771
1395	212	4563
1396	85	434
1405	221	5397
1406	143	3373
1406	172	7192
1409	43	384
1411	167	1768
1414	160	226
1420	43	141
1420	82	44
1420	224	12777
1420	236	4489
1423	39	1327
1429	120	791
1431	91	494
1434	43	384
1435	25	62
1435	217	3433
1439	86	591
1439	136	34
1440	43	384
1444	48	1080
1444	85	434
1448	25	62
1453	85	434
1459	43	141
1459	48	32
1459	138	1086
1460	154	2706
1461	235	2385
1468	48	6123
1471	48	32
1474	167	1768
1475	48	32
1477	60	90
1477	85	434
1483	25	62
1483	160	1124
1486	86	1702
1488	232	160
1490	84	251
1492	43	141
1498	48	32
1509	43	141
1512	25	62
1517	25	62
1521	136	689
1522	82	7859
1523	43	141
1524	43	141
1527	154	2438
1532	25	62
1536	85	1665
1539	34	90
1540	74	1387
1548	43	141
1552	62	420
1560	43	141
1560	232	160
1564	105	1556
1567	167	1768
1568	100	160
1569	85	434
1570	43	141
1577	154	1437
1579	82	1771
1589	43	384
1589	187	9506
1593	43	141
1593	48	32
1593	48	4474
1597	85	434
1599	11	23
1599	34	90
1605	84	6810
1607	116	527
1609	48	32
1612	43	384
1612	48	32
1621	48	382
1628	80	344
1634	184	2834
1635	25	62
1638	43	141
1643	155	3423
1644	25	62
1644	39	12924
1652	25	62
1656	82	7142
1658	11	23
1659	43	141
1666	43	141
1667	51	160
1668	86	6282
1670	48	75
1674	124	2846
1677	85	434
1678	48	816
1678	100	160
1680	24	954
1680	224	637
1680	232	160
1684	24	592
1685	25	62
1685	172	4888
1689	85	434
1693	34	90
1697	83	592
1697	172	7192
1699	34	90
1699	115	747
1700	25	62
1701	118	774
1704	11	23
1705	195	2550
1706	48	1080
1707	86	10402
1707	172	2759
1716	25	62
1717	85	434
1722	43	141
1735	34	90
1737	43	384
1738	48	308
1741	83	592
1743	116	6385
1750	120	791
1751	120	791
1752	147	382
1753	181	8029
1755	116	6503
1759	182	3202
1764	25	62
1769	48	32
1770	85	434
1774	136	168
1775	48	32
1778	85	434
1782	85	434
1785	186	11031
1789	33	90
1789	154	2438
1800	118	774
1806	154	2438
1810	74	766
1811	43	141
1813	43	141
1817	48	6281
1822	11	23
1828	25	62
1831	43	141
1833	115	6114
1835	154	1874
1837	154	5054
1841	25	62
1842	124	873
1843	115	6114
1854	43	384
1861	11	23
1862	43	141
1867	86	2316
1868	210	3202
1883	34	90
1883	84	2197
1884	34	90
1886	60	90
1887	25	62
1888	136	3696
1890	109	7344
1892	11	23
1893	85	434
1893	85	1665
1895	85	434
1898	80	911
1900	11	23
1900	136	8222
1903	25	62
1903	138	7945
1908	48	382
1911	74	5890
1911	116	3755
1912	85	434
1912	85	1665
1917	159	928
1920	25	62
1920	39	105
1925	43	141
1925	85	1665
1927	212	4563
1932	83	701
1934	62	420
1935	34	90
1937	136	881
1942	109	3423
1943	43	141
1943	100	2272
1944	85	434
1947	109	10306
1949	82	1771
1950	11	23
1951	200	2883
1957	217	3433
1959	11	23
1959	74	5390
1959	203	12523
1961	24	4764
1961	43	141
1963	43	141
1964	60	90
1964	85	434
1966	11	23
1970	195	2550
1971	136	7044
1976	43	384
1976	85	434
1984	136	4674
1988	86	410
1988	116	6385
1990	182	3202
1996	86	6282
1998	85	434
1998	100	160
1999	115	747
2004	86	10402
2010	43	141
2015	118	774
2015	195	2550
2016	48	32
2017	182	2192
2022	25	62
2027	43	141
2035	25	62
2037	48	32
2039	118	774
2041	116	5446
2046	195	2550
2051	43	141
2051	85	434
2055	25	62
2055	120	791
2061	39	1327
2061	48	32
2062	43	384
2066	86	742
2067	86	7023
2071	51	160
2074	48	32
2078	85	434
2081	43	141
2088	25	62
2094	82	6851
2102	172	1978
2103	162	6604
2111	34	90
2114	116	4161
2121	195	2550
2127	48	32
2127	60	90
2131	82	9081
2133	25	62
2134	48	32
2137	25	62
2137	85	434
2140	25	62
2140	34	90
2145	43	141
2145	48	1124
2148	24	6489
2159	85	434
2162	167	1768
2171	39	3050
2175	48	32
2183	154	2438
2187	43	141
2187	200	10858
2189	43	384
2189	224	8373
2202	210	2192
2206	85	434
2208	43	141
2208	85	434
2209	25	62
2211	82	1771
2212	86	6135
2212	136	3480
2212	155	808
2213	48	32
2215	48	32
2218	185	32
2220	24	6079
2222	48	32
2228	82	1771
2229	34	90
2236	48	1124
2236	82	1771
2239	221	5086
2241	11	23
2243	82	7859
2262	82	1771
2264	183	6969
2267	25	62
2276	43	141
2276	82	6851
2279	118	774
2285	43	384
2302	60	90
2302	200	2883
2311	43	141
2316	83	8321
2323	91	494
2324	85	434
2327	24	4464
2327	187	12761
2328	85	434
2330	43	141
2330	82	7020
2330	85	434
2332	25	62
2333	183	10259
2338	11	23
2339	48	382
2342	25	62
2342	160	6018
2348	82	1771
2349	25	62
2350	24	13091
2350	60	90
2352	86	2025
2353	25	62
2359	124	8959
2362	82	44
2366	25	62
2366	85	1665
2369	182	2517
2370	118	774
2374	24	13413
2378	34	90
2378	116	6627
2383	48	1928
2388	154	2438
2389	25	62
2394	62	420
2407	11	23
2407	86	6668
2407	116	2887
2411	48	382
2414	193	68
2419	48	382
2419	224	6130
2421	116	10351
2422	48	32
2427	85	434
2431	48	75
2435	85	434
2437	25	62
2446	48	32
2449	48	32
2452	160	226
2454	25	62
2459	48	32
2459	82	7142
2460	34	90
2470	86	5694
2472	124	1311
2474	25	62
2474	118	774
2475	136	3480
2477	43	141
2478	105	5338
2480	74	7368
2480	116	12526
2482	172	2759
2488	85	434
2491	25	62
2492	48	32
2494	43	141
2494	85	434
2501	25	62
2501	127	3796
2502	191	10864
2503	154	2438
2505	34	90
2506	43	141
2513	34	90
2514	34	90
2519	167	1768
2522	85	1665
2524	100	160
2524	138	2958
2529	25	62
2529	86	1005
2529	136	8222
2533	48	32
2533	85	434
2537	48	32
2538	172	2759
2541	25	62
2542	11	23
2546	51	160
2547	34	90
2548	43	141
2549	24	8761
2549	85	434
2552	43	141
2552	48	32
2554	48	32
2554	82	7142
2555	11	23
2555	34	90
2555	115	6114
2555	193	637
2558	48	1164
2559	39	1327
2563	24	12317
2569	48	32
2570	11	23
2571	24	592
2571	100	160
2574	34	90
2576	85	434
2578	80	4564
2579	25	62
2583	212	4563
2589	219	90
2592	48	32
2594	48	119
2601	85	434
2602	85	1665
2603	86	1283
2604	34	90
2606	85	434
2606	100	160
2609	191	8799
2611	25	62
2615	24	592
2616	118	774
2618	24	5496
2621	48	1124
2621	138	7797
2627	85	434
2637	84	1357
2638	34	90
2651	25	62
2652	25	62
2653	160	249
2663	86	1630
2664	25	62
2668	43	141
2668	48	32
2669	43	384
2672	82	1771
2672	100	160
2676	11	23
2678	200	2883
2681	48	32
2684	11	23
2686	24	6712
2686	138	10388
2688	86	1283
2688	136	4587
2689	11	23
2690	25	62
2694	43	141
2696	25	62
2696	82	7142
2698	25	62
2699	34	90
2699	116	5673
2702	224	790
2704	124	1311
2704	124	2846
2710	203	4152
2710	203	4994
2711	84	8309
2711	86	2316
2711	136	8222
2715	217	3433
2724	116	3541
2728	83	592
2730	199	2607
2733	25	62
2735	167	1768
2737	154	1874
2742	25	62
2744	86	7023
2746	24	1652
2748	48	32
2754	124	4722
2755	84	12611
2757	224	1502
2760	25	62
2766	11	23
2772	85	434
2774	60	90
2779	82	1771
2779	85	1665
2783	210	3202
2788	48	32
2789	11	23
2793	82	6851
2798	167	1768
2801	24	976
2802	11	23
2802	34	90
2805	48	32
2806	120	791
2809	25	62
2818	25	62
2824	82	1771
2825	34	90
2825	105	619
2835	86	3655
2836	48	32
2838	84	3480
2838	116	10417
2854	82	7020
2855	24	540
2855	60	90
2858	185	32
2869	154	2438
2871	162	10312
2872	43	384
2872	48	32
2872	60	90
2876	48	32
2878	34	90
2878	74	5390
2879	120	791
2882	43	384
2890	11	23
2892	48	1124
2892	85	434
2899	25	62
2910	43	141
2914	120	791
2917	43	141
2919	160	10604
2921	48	32
2925	11	1794
2927	85	1665
2928	43	141
2930	43	384
2932	85	1665
2937	48	32
2937	85	434
2945	25	62
2945	82	12778
2948	181	789
2950	25	62
2951	100	160
2952	86	3229
2955	16	32
2962	34	90
2963	83	13246
2968	203	4358
2969	116	6747
2977	11	23
2981	172	8634
2985	48	32
2995	24	6403
3002	34	90
3007	25	62
3012	48	32
3013	33	90
3016	199	43
3017	48	382
3023	48	32
3024	85	434
3026	25	62
3027	115	10107
3030	85	434
3030	159	13188
3031	24	249
3031	48	1124
3032	43	384
3032	232	160
3033	43	141
3037	203	6322
3039	43	384
3039	85	434
3040	43	141
3041	48	32
3044	11	23
3044	116	3261
3046	235	9603
3056	48	32
3065	39	2055
3066	155	8914
3070	48	1124
3070	138	959
3080	113	5770
3084	48	8406
3085	100	5397
3093	136	3795
3093	186	218
3098	154	2438
3100	118	774
3104	195	2550
3113	24	12178
3116	11	23
3116	34	90
3116	172	2759
3118	43	141
3120	154	2438
3122	48	32
3138	109	3743
3142	43	384
3142	60	90
3146	48	32
3146	85	434
3155	24	1327
3155	25	62
3161	124	2846
3162	25	62
3168	105	6049
3169	124	4722
3171	25	62
3172	82	13863
3174	11	23
3178	43	384
3178	48	853
3188	236	181
3190	85	434
3196	11	23
3199	43	141
3204	85	434
3209	48	32
3213	48	1260
3214	74	8870
3215	48	1124
3224	11	23
3224	203	6322
3224	203	13061
3227	124	1749
3227	166	90
3229	83	9760
3236	25	62
3237	85	434
3237	159	13271
3240	86	4316
3242	34	90
3251	167	1768
3259	116	6960
3262	43	141
3262	159	3183
3264	85	434
3265	183	5786
3266	74	767
3267	100	160
3269	24	1652
3269	85	434
3274	136	6091
3275	85	434
3277	34	90
3277	172	2759
3278	43	141
3279	11	23
3281	24	592
3283	43	141
3288	48	32
3288	48	119
3288	60	90
3288	160	3120
3293	48	274
3295	212	4563
3297	24	1652
3301	212	4563
3311	48	32
3312	24	3987
3312	43	141
3314	11	23
3318	172	5721
3319	210	3202
3320	48	382
3321	100	160
3323	43	141
3325	85	434
3326	43	141
3326	48	816
3335	186	3949
3340	25	62
3350	25	62
3350	48	32
3351	34	90
3357	210	3202
3358	116	9115
3365	51	160
3366	48	1124
3366	82	4372
3367	43	384
3368	43	141
3369	51	160
3371	48	32
3374	195	2550
3379	34	90
3383	85	434
3384	85	434
3400	60	90
3402	24	9694
3403	83	592
3403	124	873
3406	24	10303
3410	34	90
3410	155	11645
3411	82	2456
3418	11	23
3420	62	420
3421	84	6300
3421	136	6300
3423	43	141
3427	25	62
3429	48	32
3435	118	774
3436	11	23
3436	34	90
3437	85	434
3441	100	160
3446	25	62
3446	48	32
3446	85	1665
3450	191	13527
3455	80	344
3464	118	774
3469	43	384
3471	48	32
3472	48	32
3476	25	62
3476	85	434
3476	160	1327
3478	34	10391
3478	186	14123
3479	84	5435
3479	136	7044
3481	136	7044
3483	85	434
3484	84	6814
3485	62	420
3491	84	4561
3492	25	62
3495	34	90
3503	25	62
3504	159	5007
3507	39	1327
3509	160	8490
3510	100	585
3515	113	5770
3515	124	873
3517	116	9161
3522	154	2438
3525	85	1665
3526	86	4295
3526	116	3754
3529	172	5721
3532	48	382
3532	100	160
3541	43	141
3543	120	791
3550	80	344
3551	85	434
3553	25	62
3553	100	160
3553	187	2349
3555	25	62
3557	124	873
3557	217	4081
3568	25	62
3574	203	12523
3575	154	2706
3577	48	32
3579	34	90
3582	109	11645
3585	84	7044
3587	82	2357
3587	100	160
3588	48	32
3590	118	774
3591	48	1124
3591	232	160
3594	105	6049
3595	43	141
3595	60	90
3597	159	3169
3599	82	1424
3599	85	434
3602	43	141
3603	159	13207
3605	39	9760
3611	85	434
3619	85	434
3621	183	7460
3626	85	1665
3626	202	7216
3627	154	2438
3630	85	434
3630	162	6604
3631	43	141
3639	34	90
3644	86	636
3644	105	4258
3652	159	12796
3660	109	2213
3664	48	382
3665	25	62
3665	48	32
3665	85	434
3665	224	3885
3669	200	10858
3673	74	5390
3673	84	11243
3675	48	32
3676	48	32
3683	172	1978
3687	82	8332
3688	86	2839
3688	86	6282
3692	39	8729
3697	24	1327
3711	120	791
3723	11	23
3723	34	90
3732	43	384
3738	43	141
3739	24	4089
3740	85	1665
3742	25	62
3747	182	2192
3748	48	32
3754	24	9109
3754	43	141
3756	86	1283
3759	11	23
3767	11	23
3767	116	4978
3767	155	2175
3773	84	4674
3774	48	32
3775	25	62
3775	34	90
3779	43	141
3785	11	23
3786	24	2768
3787	43	141
3790	43	141
3791	48	1124
3792	24	6038
3794	62	420
3795	82	6851
3800	100	160
3802	116	4668
3806	221	160
3809	33	90
3817	25	62
3817	85	1665
3824	109	3269
3828	11	23
3841	48	32
3841	82	8332
3842	48	32
3843	185	32
3844	48	32
3845	11	23
3852	74	9487
3852	115	747
3857	82	1771
3859	43	384
3859	48	181
3861	34	90
3866	186	562
3868	24	10327
3868	85	434
3874	85	434
3876	48	32
3883	43	141
3888	43	384
3892	115	747
3892	116	25
3894	11	23
3894	136	3795
3894	183	10421
3895	124	1749
3896	48	158
3907	43	141
3907	48	32
3918	24	6489
3918	85	434
3923	25	62
3924	85	434
3932	25	62
3935	25	62
3936	33	90
3937	34	90
3938	43	141
3938	85	434
3940	43	141
3940	48	32
3955	118	774
3959	182	2517
3961	25	62
3967	100	160
3968	85	434
3971	25	62
3974	43	141
3975	191	13686
3980	43	141
3981	43	384
3981	48	32
3985	48	32
3987	25	62
3991	143	1044
3992	85	434
3997	43	384
3999	85	434
4006	34	90
4009	34	7607
4009	193	181
4010	85	434
4012	24	1652
4012	202	2904
4018	43	384
4018	100	5397
4020	186	11031
4026	124	11653
4029	217	3433
4029	217	4081
4033	34	90
4034	85	434
4035	118	774
4035	195	2550
4041	82	2456
4041	159	12001
4042	85	434
4044	235	9603
4047	85	1665
4048	203	12523
4056	39	150
4060	25	62
4060	48	75
4062	11	23
4065	60	90
4066	24	1652
4068	25	62
4069	105	1305
4069	203	592
4071	25	62
4074	124	1311
4075	83	10435
4075	124	2846
4086	82	6851
4092	136	85
4093	82	1771
4093	85	434
4100	85	434
4102	80	12630
4105	203	6322
4111	11	23
4111	34	90
4111	136	9073
4116	110	494
4118	43	141
4118	48	32
4120	85	1665
4122	48	32
4123	172	1978
4124	85	434
4125	34	90
4128	48	32
4129	11	23
4130	43	141
4133	43	141
4135	62	420
4137	11	23
4137	116	2253
4140	100	2272
4140	100	5334
4140	187	2349
4142	74	2643
4143	124	873
4147	82	6851
4147	85	1665
4148	43	141
4148	110	494
4156	43	141
4160	34	90
4161	25	62
4163	203	592
4165	48	32
4178	210	3202
4179	25	62
4187	11	23
4187	116	9664
4187	136	4283
4194	43	141
4197	48	32
4198	85	434
4198	110	494
4202	43	141
4202	100	160
4204	48	1124
4209	48	32
4210	85	434
4210	100	160
4219	80	4791
4224	221	5397
4245	116	10751
4246	116	10012
4250	11	23
4252	82	1771
4257	105	3422
4259	43	141
4266	34	90
4268	48	32
4268	224	3885
4272	86	796
4273	16	32
4279	25	62
4279	48	32
4282	25	62
4282	74	9980
4284	43	141
4286	124	2846
4292	48	1124
4303	39	150
4305	85	434
4310	184	12161
4319	51	160
4326	43	141
4326	48	1124
4328	48	32
4335	11	23
4335	25	62
4339	100	160
4340	25	62
4342	85	434
4342	187	2349
4346	136	85
4352	109	3463
4352	136	6814
4353	118	774
4367	24	4994
4369	24	1652
4369	48	32
4369	82	1771
4369	85	434
4376	82	8686
4376	100	1672
4377	43	141
4380	48	274
4380	85	1665
4382	116	5235
4384	11	23
4385	181	8072
4388	43	141
4388	85	434
4388	85	1665
4388	100	160
4388	224	592
4394	136	3795
4399	109	1336
4399	191	2448
4400	11	23
4400	84	2197
4409	183	9796
4410	43	141
4412	200	10858
4415	147	382
4417	85	434
4419	86	3072
4421	116	12884
4427	34	90
4427	136	3795
4430	116	9016
4432	85	434
4432	138	959
4434	82	2357
4436	43	141
4443	43	141
4444	100	160
4448	11	23
4452	51	160
4455	48	32
4458	48	119
4463	43	141
4464	120	791
4467	48	1164
4467	236	8406
4471	100	160
4472	48	32
4474	195	2550
4477	43	141
4480	116	5446
4482	191	9176
4486	124	2956
4493	48	32
4495	43	141
4495	85	434
4496	120	791
4498	43	141
4503	184	8563
4505	39	10717
4505	43	141
4508	60	90
4511	124	4722
4520	154	2438
4521	25	62
4524	113	737
4524	172	7192
4525	124	10758
4525	124	10811
4526	48	32
4529	85	434
4530	34	90
4532	25	62
4535	80	12630
4540	48	274
4544	24	9694
4544	82	1771
4547	85	434
4549	199	6615
4550	24	5445
4550	43	384
4550	60	90
4554	25	62
4561	24	9055
4567	85	434
4570	11	23
4571	25	62
4575	25	62
4583	11	23
4585	43	384
4585	48	181
4595	115	14298
4595	172	2759
4597	43	384
4607	25	62
4617	25	62
4619	25	62
4625	24	3408
4651	25	62
4653	43	141
4654	48	32
4656	43	141
4656	48	32
4658	85	434
4659	43	141
4660	91	494
4663	43	141
4670	25	62
4671	82	6851
4671	85	434
4676	39	1327
4679	48	1124
4681	34	90
4682	154	1437
4683	16	32
4683	217	4081
4684	43	384
4689	43	141
4693	24	14118
4695	34	90
4695	115	747
4699	203	8708
4701	80	4564
4708	83	13020
4711	24	11312
4716	138	12176
4717	154	2438
4719	11	23
4719	186	11031
4724	43	384
4726	155	10156
4730	184	8781
4736	11	23
4740	115	747
4742	48	1080
4743	120	791
4744	155	10156
4752	115	747
4757	11	23
4763	172	1978
4766	11	23
4768	82	4372
4771	48	382
4771	85	1665
4773	116	3541
4777	43	384
4782	109	1336
4782	155	3284
4786	48	32
4793	85	434
4795	115	6114
4805	143	226
4807	85	434
4813	83	14222
4816	120	791
4819	85	434
4823	223	4624
4827	24	1327
4827	85	434
4828	39	10813
4828	43	141
4828	48	32
4829	25	62
4829	39	105
4829	48	32
4831	100	160
4833	25	62
4834	25	62
4835	25	62
4835	186	5695
4836	199	13460
4837	203	6322
4841	136	10147
4847	85	434
4848	48	1928
4848	100	1672
4848	100	14172
4852	154	1437
4853	48	8307
4853	85	434
4854	160	2388
4860	48	32
4863	183	4725
4868	85	434
4878	39	592
4878	48	32
4879	48	4474
4886	124	2846
4894	48	32
4902	154	2706
4909	85	434
4913	11	23
4914	221	29
4920	24	12601
4924	85	434
4925	48	32
4926	116	3547
4928	43	384
4928	100	160
4929	11	23
4929	34	90
4929	86	7410
4931	24	592
4933	48	382
4940	109	11489
4945	43	141
4953	160	249
4956	172	2759
4958	11	23
4958	115	6114
4968	82	44
4972	25	62
4975	25	62
4978	25	62
4991	43	384
4993	82	795
4995	85	1665
4998	84	3480
4998	84	4362
5002	116	1995
5002	184	8438
5007	124	2846
5012	60	90
5016	48	32
5020	25	62
5020	115	747
5021	116	3155
5026	85	434
5028	60	90
5028	82	1771
5031	34	90
5032	11	23
5037	25	62
5043	82	44
5043	224	790
5045	136	9961
5047	86	5632
5049	85	434
5060	82	6851
5065	48	32
5072	25	62
5073	24	2635
5075	82	9081
5075	224	9164
5078	48	181
5087	118	774
5087	195	2550
5090	48	1124
5090	85	434
5090	85	1665
5091	48	32
5098	85	434
5099	34	90
5104	85	434
5114	110	494
5115	86	2316
5115	115	747
5116	48	32
5120	24	2607
5126	116	4978
5127	34	90
5135	48	32
5140	25	62
5145	34	90
5149	43	141
5150	48	1124
5153	167	1768
5164	25	62
5165	224	4152
5169	60	90
5173	43	384
5174	24	592
5181	48	32
5184	62	420
5184	118	774
5190	33	90
5192	11	23
5192	136	7760
5192	155	10988
5194	43	141
5195	48	32
5199	25	62
5200	115	6114
5209	195	2550
5211	39	10717
5213	217	3433
5220	25	62
5222	85	434
5222	85	1665
5227	24	1327
5227	43	141
5233	43	141
5236	109	50
5236	115	6114
5240	147	382
5241	43	141
5247	11	23
5247	136	5910
5249	25	62
5249	143	1044
5252	120	791
5252	154	1437
5255	48	382
5259	43	141
5260	25	62
5260	34	90
5261	191	10864
5263	48	32
5277	43	141
5283	48	32
5286	48	32
5295	39	7132
5297	84	689
5299	85	434
5302	154	1874
5303	11	23
5308	124	10758
5311	136	9461
5313	43	384
5321	51	160
5327	48	1080
5332	24	2033
5335	86	7246
5335	115	747
5336	43	141
5339	39	4358
5344	24	1327
5348	124	2846
5353	85	434
5354	34	90
5359	25	62
5359	84	3311
5361	43	141
5364	124	873
5373	48	32
5374	11	23
5377	83	2879
5377	124	873
5389	185	32
5394	48	32
5400	25	62
5403	43	141
5406	221	160
5407	43	141
5407	48	32
5420	86	1283
5420	136	3309
5430	84	4391
5435	43	141
5444	48	32
5446	48	32
5455	85	434
5459	167	1768
5461	11	23
5463	25	62
5464	221	7378
5473	136	4587
5474	48	274
5474	85	434
5477	25	62
5478	34	90
5479	217	4081
5482	39	540
5488	43	141
5488	48	1124
5493	43	141
5494	43	141
5496	154	1437
5497	85	434
5515	82	7859
5515	159	3683
5516	11	23
5519	48	119
5520	34	90
5520	136	4283
5522	48	382
5531	124	2846
5532	25	62
5536	116	3645
5540	39	13164
5543	11	23
5547	24	14130
5556	43	141
5557	100	160
5561	133	32
5562	25	62
5563	34	90
5570	25	62
5572	187	2349
5573	136	4659
5578	25	62
5580	172	2759
5580	223	4624
5585	25	62
5596	85	434
5601	115	6114
5603	60	90
5603	85	434
5605	43	141
5605	48	1022
5606	48	32
5607	160	249
5613	43	384
5617	25	62
5617	154	2706
5620	25	62
5623	48	274
5625	43	141
5628	25	62
5630	85	434
5631	124	873
5636	48	1124
5640	25	62
5646	85	434
5649	48	32
5651	11	23
5651	34	90
5653	11	1794
5653	84	11971
5654	34	90
5660	11	23
5660	136	6402
5662	51	160
5664	85	434
5667	48	32
5668	43	141
5669	86	1283
5673	48	32
5674	155	8700
5675	48	382
5682	24	1044
5682	85	434
5686	111	9607
5688	84	85
5697	43	141
5697	85	434
5699	159	1630
5703	85	434
5703	100	160
5715	116	10822
5716	34	2023
5720	85	434
5723	43	141
5726	210	10580
5732	24	9581
5732	162	6604
5733	86	7023
5742	84	1337
5743	124	873
5748	182	2517
5759	43	141
5761	48	382
5761	48	1124
5765	48	32
5766	85	434
5766	138	1086
5769	82	2456
5771	25	62
5772	34	90
5780	83	10705
5780	124	873
5780	172	1978
5783	43	384
5785	82	1771
5791	43	141
5792	24	352
5792	48	32
5796	85	434
5796	110	494
5797	48	32
5802	25	62
5804	25	62
5805	136	3795
5806	143	226
5808	25	62
5809	48	32
5809	85	434
5810	224	1327
5811	48	32
5818	34	90
5819	84	1225
5819	116	431
5821	34	90
5833	80	344
5837	24	4464
5837	85	434
5839	43	141
5839	48	32
5839	85	434
5853	60	90
5857	116	3873
5861	34	90
5862	24	9581
5864	155	8419
5865	25	62
5865	83	4690
5867	33	90
5868	48	32
5872	25	62
5872	34	90
5880	199	592
5881	48	32
5887	82	1771
5890	43	141
5891	11	23
5895	43	384
5898	11	23
5900	34	90
5901	25	62
5909	25	62
5912	100	1672
5919	154	2438
5927	85	434
5936	172	2759
5938	203	249
5939	86	10402
5941	115	6114
5945	109	2723
5954	85	434
5959	43	384
5960	25	62
5962	82	2456
5966	86	636
5968	11	23
5969	48	32
5972	48	1928
5975	154	2438
5979	11	23
5979	86	1938
5982	100	160
5984	85	434
5991	43	141
6001	43	384
6013	48	32
6013	100	160
6016	34	90
6022	24	43
6022	43	141
6038	120	791
6042	48	32
6042	85	434
6045	210	3202
6046	60	90
6050	24	9113
6053	48	32
6054	155	13361
6056	11	23
6056	116	4161
6058	85	434
6058	202	3428
6073	138	6197
6074	116	4161
6077	80	344
6080	85	434
6084	84	3309
6089	25	62
6089	111	11684
6096	48	2121
6102	43	141
6109	34	90
6119	24	12205
6121	43	141
6126	113	737
6128	85	434
6133	11	23
6147	34	90
6151	86	268
6159	62	420
6162	24	4896
6162	43	384
6164	100	10040
6167	136	7044
6168	136	4587
6170	34	90
6175	120	791
6176	25	62
6180	25	62
6180	154	2620
6182	25	62
6190	111	9772
6198	181	243
6211	11	23
6211	147	382
6219	33	90
6223	167	1768
6232	34	90
6232	84	5506
6237	85	434
6242	11	23
6242	11	10567
6242	34	90
6247	25	62
6250	25	62
6250	84	7568
6255	34	90
6256	82	6851
6261	24	2635
6268	24	10117
6268	48	32
6278	34	90
6278	136	11091
6280	48	32
6289	154	2438
6290	24	1457
6290	43	141
6293	195	2550
6298	25	62
6299	86	410
6305	217	3433
6309	25	62
6325	34	90
6328	109	11489
6336	116	6385
6340	34	90
6342	11	23
6343	43	384
6344	182	2192
6347	85	434
6348	86	2316
6348	115	747
6350	43	141
6353	25	62
6358	124	2846
6360	200	10858
6366	25	62
6372	48	32
6379	48	1934
6379	85	434
6379	224	4429
6380	48	32
6397	82	8686
6408	85	434
6412	48	32
6413	43	141
6418	48	32
6420	25	62
6422	25	62
6422	48	32
6427	232	160
6433	85	434
6439	86	1283
6442	34	90
6443	43	141
6446	25	62
6451	136	7044
6462	25	62
6462	39	1235
6466	34	90
6466	109	11489
6468	43	141
6471	116	7754
6472	34	90
6472	74	5390
6472	84	5697
6475	43	141
6475	48	32
6475	85	434
6482	34	90
6482	136	3480
6483	124	2956
6485	43	141
6485	85	434
6486	85	434
6489	120	791
6494	43	141
6495	33	90
6496	33	90
6497	43	141
6498	84	4391
6499	48	382
6502	203	6322
6507	124	11653
6512	48	32
6515	48	32
6516	82	4372
6522	210	10580
6527	39	1327
6531	83	6180
6532	43	141
6537	43	141
6537	85	434
6545	48	32
6552	84	2413
6558	25	62
6558	43	141
6558	48	1124
6566	167	1768
6569	48	32
6583	118	774
6597	48	32
6601	11	23
6601	115	10107
6602	116	3155
6604	91	494
6606	84	7044
6609	224	3885
6614	217	10141
6615	25	62
6618	154	1437
6619	34	90
6619	186	2339
6624	124	2956
6633	60	90
6633	85	434
6634	24	1652
6634	82	6851
6638	11	23
6639	25	62
6644	11	23
6651	86	10402
6652	34	90
6652	74	524
6652	183	4725
6656	83	2879
6663	85	434
6665	113	737
6665	113	5770
6668	83	11647
6671	48	32
6672	120	791
6675	167	1768
6678	43	384
6678	82	44
6680	127	1044
6682	43	141
6682	48	32
6690	85	434
6690	162	6895
6691	48	32
6692	113	737
6694	195	2550
6695	24	6079
6697	48	32
6699	60	90
6704	11	23
6710	25	62
6719	11	23
6719	84	9904
6720	24	2607
6722	43	141
6724	48	2121
6732	116	5221
6734	48	32
6736	172	2759
6738	85	434
6749	11	23
6755	62	420
6759	43	141
6760	110	494
6763	43	141
6766	48	32
6766	60	90
6773	48	1124
6774	118	774
6775	48	32
6778	154	2438
6780	80	4791
6785	108	90
6785	166	90
6787	25	62
6791	25	62
6792	86	1630
6792	86	7654
6795	83	592
6800	86	7654
6802	100	1672
6811	85	434
6818	154	2438
6829	224	14095
6834	11	23
6835	43	384
6835	60	90
6837	85	1665
6842	80	344
6843	82	8686
6847	25	62
6849	11	23
6850	24	1652
6852	48	32
6854	118	774
6857	82	6851
6860	25	62
6865	11	23
6865	86	7059
6869	34	90
6869	116	8889
6875	48	181
6891	136	6402
6892	85	434
6900	43	141
6900	162	12847
6901	85	1665
6903	39	7489
6913	48	382
6914	34	90
6918	80	344
6922	124	3103
6924	25	62
6929	43	141
6929	48	1124
6930	48	274
6932	48	1744
6933	25	62
6934	115	747
6938	143	1044
6938	199	10633
6941	43	141
6949	43	384
6951	172	2759
6952	43	141
6952	48	32
6953	48	32
6960	48	32
6962	85	434
6963	183	7047
6965	48	1405
6968	116	6385
6969	85	434
6971	48	9047
6972	85	434
6979	160	2607
6982	48	32
6984	25	62
6989	43	141
6992	25	62
6996	48	32
6997	25	62
7002	154	1437
7003	34	90
7003	115	6114
7009	100	160
7019	11	23
7025	155	13361
7030	60	90
7030	82	7859
7030	209	3173
7031	84	85
7034	34	90
7034	86	10601
7034	115	6114
7037	51	160
7039	116	6960
7040	34	90
7044	110	494
7046	83	1457
7053	48	32
7058	25	62
7059	143	1044
7062	48	32
7066	24	934
7069	39	2225
7072	43	141
7089	33	90
7093	11	23
7093	34	90
7103	154	2620
7110	143	3373
7110	172	7192
7118	48	32
7118	82	12778
7121	85	434
7140	120	791
7140	154	2438
7144	155	5162
7146	48	32
7148	115	747
7148	136	1511
7154	11	23
7155	25	62
7157	48	32
7157	138	5964
7168	25	62
7178	202	7763
7180	33	90
7183	11	23
7191	143	6615
7191	199	226
7194	60	90
7194	159	10806
7200	74	9082
7200	84	168
7200	116	8783
7202	11	23
7207	48	32
7207	85	434
7208	51	160
7213	25	62
7213	86	4316
7213	115	10107
7213	155	13056
7220	33	90
7225	48	274
7228	166	5422
7229	48	4225
7231	25	62
7232	85	434
7233	24	836
7234	84	4674
7236	191	9801
7242	43	141
7242	85	434
7245	100	160
7251	43	141
7251	82	363
7260	85	434
7261	84	10432
7265	113	737
7266	172	1978
7268	111	7268
7268	120	791
7275	60	90
7278	118	774
7279	39	705
7280	25	62
7285	154	2438
7286	51	160
7287	120	791
7291	24	6686
7296	25	62
7299	11	23
7301	85	434
7304	34	90
7305	24	3522
7305	85	434
7312	48	1928
7313	25	62
7313	133	2015
7314	182	2192
7315	85	434
7316	25	62
7325	85	1665
7330	85	434
7332	160	12629
7333	24	6680
7335	43	384
7338	124	873
7339	48	1080
7342	24	8761
7345	187	2349
7349	11	23
7360	154	1437
7365	25	62
7365	34	90
7365	86	6276
7365	115	747
7366	85	434
7371	136	7044
7376	34	90
7379	33	90
7380	124	1311
7380	124	2846
7381	124	2846
7386	11	23
7388	25	62
7390	43	141
7390	224	4712
7397	105	11813
7400	34	5422
7402	160	9596
7409	120	791
7412	25	62
7415	25	62
7417	33	90
7417	154	2706
7423	48	637
7431	109	10897
7436	217	3433
7443	34	90
7443	115	6114
7446	34	90
7448	43	141
7450	43	141
7451	48	32
7453	82	1771
7454	118	774
7455	11	23
7455	25	62
7460	43	141
7461	34	90
7465	60	90
7466	100	160
7469	159	6398
7474	85	434
7475	136	4674
7479	39	7089
7498	24	7132
7498	82	8686
7501	160	2780
7513	143	1044
7514	25	62
7515	43	384
7519	48	202
7520	34	90
7520	86	1485
7523	48	32
7526	34	90
7527	62	420
7534	25	62
7534	48	32
7538	124	2846
7548	24	592
7548	48	32
7556	43	141
7562	43	141
7566	105	5338
7575	43	141
7578	25	62
7583	116	11905
7591	25	62
7591	60	90
7591	82	1771
7593	24	1652
7593	48	32
7597	34	90
7597	84	4391
7599	136	3480
7600	11	23
7600	136	10239
7611	25	62
7611	80	911
7612	43	384
7614	91	494
7617	25	62
7622	43	141
7623	185	32
7630	11	23
7630	147	382
7631	124	2846
7632	85	434
7635	33	90
7636	116	1995
7639	217	4081
7646	116	5446
7647	185	32
7648	43	141
7651	39	6707
7651	110	494
7658	25	62
7658	124	1311
7658	124	2956
7662	85	434
7668	33	90
7669	16	2091
7669	172	1978
7674	85	434
7681	48	32
7682	48	32
7686	84	6810
7689	172	8634
7691	48	1124
7691	138	9717
7695	48	32
7703	24	8663
7703	85	434
7708	11	23
7708	109	1482
7714	100	11058
7715	120	791
7718	100	7817
7719	193	1934
7720	34	90
7720	109	8411
7720	155	9456
7721	48	32
7724	111	10974
7727	124	1311
7728	25	62
7729	43	141
7732	85	1665
7739	48	32
7749	11	23
7753	48	32
7758	11	23
7762	43	141
7768	24	1327
7771	83	249
7777	25	62
7784	60	90
7788	25	62
7792	48	1928
7793	116	11179
7799	85	434
7808	136	2235
7813	162	9561
7818	43	384
7822	85	434
7822	224	2265
7823	48	2121
7834	120	791
7837	209	3173
7838	172	2759
7841	24	10957
7841	43	384
7843	160	8952
7848	48	1934
7848	48	10286
7849	11	23
7849	136	3795
7854	43	141
7862	25	62
7864	159	1630
7877	136	6410
7878	43	141
7878	48	32
7879	48	32
7899	24	3711
7904	48	32
7910	25	62
7910	143	6562
7912	84	10147
7912	183	7047
7923	43	141
7927	43	141
7929	24	1652
7929	25	62
7933	136	8222
7933	155	6491
7934	43	141
7936	116	8889
7938	120	791
7938	154	2438
7941	48	181
7953	11	23
7960	154	2438
7970	154	5054
7973	39	4621
7976	43	141
7976	224	8909
7977	105	3924
7979	154	1437
7987	48	1124
7988	212	4563
7991	160	1327
7993	25	62
7994	43	141
8002	25	62
8005	43	141
8007	43	141
8011	86	5694
8014	43	141
8015	43	141
8015	48	1928
8016	25	62
8018	48	8725
8020	85	434
8023	120	791
8024	212	4563
8043	48	4474
8049	116	2887
8052	82	1771
8060	60	90
8062	25	62
8063	24	352
8068	11	23
8073	217	4081
8077	116	1106
8084	160	592
8086	11	23
8089	11	23
8089	172	2759
8090	43	384
8093	48	32
8094	82	6851
8096	11	23
8116	147	382
8118	25	62
8120	43	141
8121	39	1327
8122	43	141
8123	159	5015
8125	80	344
8127	25	62
8145	24	1652
8149	48	637
8151	85	434
8153	113	5770
8155	183	100
8157	34	90
8157	116	3645
8170	154	1437
8175	109	11489
8180	109	13015
8182	167	1768
8188	85	434
8191	43	141
8194	154	2620
8198	83	2387
8199	39	10327
8201	48	32
8211	116	1512
8224	182	2192
8238	48	32
8244	124	5655
8245	48	32
8251	24	592
8251	39	11317
8254	110	494
8258	43	141
8272	25	62
8275	138	3995
8276	34	90
8278	143	226
8279	138	6596
8285	85	434
8289	11	23
8292	39	6679
8297	116	9127
8299	34	90
8302	43	384
8307	195	2550
8309	24	592
8309	43	141
8309	48	32
8310	24	6650
8317	43	141
8318	43	384
8318	85	434
8318	160	11278
8326	24	7490
8326	82	1771
8327	11	23
8334	11	23
8339	118	774
8340	48	32
8344	116	6925
8352	11	23
8352	184	4182
8353	85	434
8353	202	2904
8353	224	8373
8357	82	1771
8359	60	90
8364	24	13305
8365	115	6114
8377	25	62
8377	86	7059
8381	85	434
8383	25	62
8384	85	1665
8386	85	434
8393	24	8542
8393	85	434
8397	80	344
8398	86	3080
8398	193	119
8399	85	434
8402	85	434
8404	43	141
8405	91	494
8409	34	90
8415	48	3794
8418	48	637
8418	82	1771
8421	85	1665
8425	124	4722
8427	39	14159
8427	43	141
8431	85	434
8432	48	32
8433	25	62
8437	48	181
8437	162	9807
8442	136	6664
8453	85	1665
8456	116	4978
8456	184	2276
8459	48	1164
8460	48	181
8468	43	141
8473	43	141
8475	85	434
8476	154	2438
8491	85	434
8499	24	3522
8499	25	62
8503	82	1771
8508	217	3433
8513	34	90
8518	85	434
8522	43	141
8525	43	141
8533	43	141
8534	154	2438
8544	25	62
8545	80	344
8548	43	141
8548	85	434
8549	82	6851
8551	43	141
8552	25	62
8556	91	494
8557	25	62
8567	48	32
8571	154	1437
8572	25	62
8575	43	141
8576	221	5334
8578	84	5506
8586	11	1794
8586	34	90
8589	25	62
8590	24	6319
8590	224	10254
8591	43	141
8592	100	160
8605	84	2974
8607	43	384
8607	100	160
8607	100	5334
8609	11	23
8612	85	434
8612	100	29
8616	85	434
8617	60	90
8618	80	344
8619	85	1665
8619	224	6679
8620	80	4791
8623	43	384
8627	48	32
8650	143	95
8653	143	1088
8653	172	5721
8663	25	62
8665	43	384
8666	43	384
8667	118	774
8667	154	5054
8680	43	141
8685	43	384
8689	24	7132
8693	110	494
8702	48	382
8703	34	924
8706	86	1630
8707	43	384
8710	48	32
8710	82	13734
8710	118	774
8710	236	32
8715	48	32
8725	221	29
8725	221	5538
8725	221	10146
8734	43	141
8735	11	23
8736	155	1482
8740	48	32
8741	143	2388
8746	48	1928
8748	51	160
8752	82	2456
8752	100	29
8755	85	1665
8755	100	160
8765	118	774
8768	80	4564
8770	62	420
8775	86	7023
8783	43	141
8786	43	141
8790	25	62
8791	195	2550
8795	51	160
8796	25	62
8797	25	62
8801	185	32
8801	185	181
8803	48	181
8806	48	1124
8814	100	2272
8818	85	434
8822	43	141
8822	85	434
8824	159	3680
8831	25	62
8836	25	62
8845	85	434
8847	25	62
8847	85	434
8848	34	90
8850	25	62
8854	25	62
8854	185	32
8858	85	434
8860	133	32
8864	86	482
8869	143	2138
8871	43	141
8872	48	32
8873	25	62
8873	86	1485
8878	43	141
8880	82	1771
8885	217	4081
8892	24	8470
8892	43	141
8892	200	2883
8893	84	1225
8897	39	13931
8898	100	160
8898	138	3916
8900	83	4764
8912	11	23
8915	160	637
8918	34	90
8919	217	3433
8923	48	32
8926	100	160
8929	85	434
8930	48	32
8932	155	3880
8933	24	4464
8937	48	32
8948	154	1874
8950	82	363
8951	24	2622
8960	85	434
8966	80	344
8968	25	62
8969	25	62
8972	25	62
8972	100	12734
8976	212	4563
8977	193	181
8985	60	90
8988	48	32
8994	120	791
9000	48	274
9002	139	90
9003	48	32
9007	25	62
9009	154	2438
9010	25	62
9013	183	904
9016	48	1080
9016	100	585
9019	25	62
9019	154	2706
9020	85	1665
9022	136	2974
9026	124	1749
9033	48	32
9039	43	141
9040	60	924
9040	138	1826
9042	43	384
9046	185	32
9055	120	791
9076	39	1327
9082	39	105
9086	85	434
9087	33	90
9098	11	23
9104	159	447
9110	43	141
9115	43	141
9116	43	384
9117	33	90
9122	48	1682
9125	48	382
9127	24	592
9128	124	4453
9132	235	2385
9136	25	62
9137	100	2272
9140	84	1225
9142	39	150
9143	34	90
9148	11	23
9148	74	1769
9154	100	160
9156	24	954
9161	85	1665
9162	124	2846
9171	191	9801
9172	120	791
9177	62	420
9177	118	774
9184	48	1928
9184	85	434
9185	62	11518
9188	129	90
9188	199	6403
9190	48	32
9195	199	3119
9197	34	90
9198	167	1768
9199	39	6904
9199	43	141
9201	43	141
9201	48	32
9202	82	7142
9210	135	382
9210	154	5054
9214	85	434
9215	34	90
9215	136	12507
9220	11	23
9222	48	32
9227	39	10213
9231	43	141
9235	113	737
9235	172	7192
9235	172	8634
9242	11	23
9242	86	3655
9246	43	384
9246	60	90
9257	33	90
9270	48	32
9280	185	32
9283	11	23
9285	43	141
9287	82	1771
9289	48	32
9291	110	494
9295	48	32
9297	48	1124
9297	85	434
9300	33	90
9301	48	32
9305	43	141
9314	82	6851
9314	100	160
9315	82	1771
9316	154	2438
9317	11	23
9318	24	7195
9319	82	2456
9321	24	43
9326	24	4068
9326	43	384
9329	34	90
9329	172	2759
9332	34	90
9333	82	6851
9338	124	2956
9341	160	2792
9343	135	9343
9344	25	62
9345	120	791
9349	25	62
9364	11	23
9365	24	11980
9365	60	90
9368	43	141
9370	191	4631
9371	48	32
9373	85	434
9374	60	90
9375	109	10098
9376	25	62
9382	25	62
9386	185	32
9389	143	1044
9403	48	382
9416	116	9757
9427	48	32
9428	39	7605
9431	25	62
9435	100	5334
9446	159	4423
9449	24	9931
9449	85	434
9453	48	382
9463	124	2846
9465	48	158
9470	11	23
9470	147	382
9475	25	62
9475	160	592
9476	120	791
9480	100	585
9483	48	32
9483	236	32
9485	154	1437
9493	39	592
9493	85	434
9495	43	384
9497	48	1124
9504	186	11031
9509	25	62
9511	48	3955
9514	85	434
9515	48	308
9518	155	9186
9519	34	90
9519	186	3949
9523	116	3625
9523	191	9801
9527	48	2121
9527	100	10013
9527	212	3299
9530	48	32
9533	43	141
9535	43	384
9541	172	1978
9542	25	62
9545	83	2761
9550	25	62
9555	39	1327
9555	43	141
9557	155	5161
9562	124	2846
9572	43	141
9572	212	4563
9576	116	3755
9581	154	2438
9583	25	62
9589	24	32
9597	124	2956
9597	167	1768
9605	33	90
9612	43	141
9619	11	23
9631	120	791
9632	86	591
9637	82	13692
9637	236	6093
9652	48	32
9659	191	6279
9659	203	6279
9670	85	434
9670	159	2322
9675	48	32
9675	224	158
9681	48	32
9686	143	2792
9690	48	32
9691	154	2706
9696	34	90
9699	11	23
9699	86	7023
9706	108	5422
9709	43	141
9709	85	434
9711	11	23
9711	34	90
9714	115	747
9715	199	8696
9718	82	7859
9720	85	434
9721	221	585
9729	110	494
9730	48	32
9731	43	141
9739	25	62
9743	60	90
9744	25	62
9765	116	3873
9774	25	62
9774	48	32
9776	48	32
9776	85	434
9796	85	434
9797	25	62
9797	48	32
9798	11	23
9805	154	11576
9807	51	160
9815	43	141
9815	60	90
9815	85	434
9827	82	7020
9827	85	434
9828	48	1080
9829	159	2402
9839	48	32
9842	60	90
9844	43	141
9844	85	434
9848	84	1099
9854	48	181
9856	48	32
9858	51	160
9860	80	329
9862	25	62
9864	43	141
9866	48	32
9867	33	90
9872	39	120
9873	100	1672
9878	43	384
9885	48	32
9890	48	1928
9896	124	2956
9896	167	1768
9898	43	141
9899	43	384
9906	43	141
9906	60	90
9907	80	344
9910	147	382
9918	43	141
9918	48	1928
9927	48	32
9932	100	160
9937	39	10015
9937	43	141
9939	48	1928
9942	48	1124
9944	85	434
9945	43	141
9948	48	32
9952	185	382
9954	43	141
9955	85	434
9958	124	4722
9966	80	344
9975	25	62
9978	34	90
9978	86	7654
9980	43	141
9992	86	928
9992	116	3118
9995	232	160
9997	80	4791
9999	43	141
10003	25	62
10007	43	141
10015	133	32
10016	60	90
10029	25	62
10030	24	2900
10037	160	9277
10042	43	384
10045	236	4224
10050	124	873
10050	217	4081
10053	43	141
10066	11	23
10067	25	62
10067	154	1437
10069	25	62
10071	48	622
10071	85	434
10072	124	4722
10077	110	494
10080	224	5949
10085	25	62
10085	143	1044
10088	82	1771
10090	83	13245
10091	43	141
10096	154	2438
10103	83	592
10113	138	2335
10114	86	928
10115	232	160
10116	120	791
10118	24	9029
10121	11	10567
10121	34	90
10121	74	9664
10122	84	7568
10127	85	434
10128	85	434
10131	80	344
10133	43	141
10133	48	32
10139	116	4161
10142	11	23
10145	33	90
10147	43	141
10148	25	62
10149	25	62
10149	124	2846
10154	48	382
10156	159	6692
10162	85	1665
10163	11	23
10163	84	334
10164	185	32
10165	24	13709
10168	221	5334
10171	85	434
10172	34	90
10172	74	5890
10172	86	2316
10172	136	8222
10176	11	23
10186	48	32
10186	85	434
10190	43	384
10204	43	141
10207	120	791
10208	85	1665
10213	25	62
10216	39	7457
10217	85	434
10221	25	62
10226	11	23
10228	48	32
10229	110	494
10235	118	774
10237	85	434
10238	43	384
10238	85	434
10244	48	32
10247	143	3408
10258	39	540
10264	24	13810
10266	11	23
10268	51	160
10268	185	32
10271	39	1327
10276	24	2033
10276	48	32
10281	154	2438
10287	82	8686
10287	100	1672
10288	85	434
10290	85	434
10292	43	141
10296	43	384
10307	34	90
10309	187	2349
10310	48	32
10310	85	434
10310	110	494
10314	191	9650
10316	193	202
10326	39	6680
10328	25	62
10331	84	1114
10335	185	32
10338	143	226
10341	24	249
10341	25	62
10341	85	434
10348	24	3878
10354	113	737
10354	172	7192
10354	199	2879
10362	159	6871
10370	48	32
10380	25	62
10386	185	32
10388	25	62
10392	43	384
10392	48	637
10394	85	434
10403	124	2956
10405	82	363
10405	118	774
10411	43	141
10413	24	12205
10414	193	68
10416	143	3554
10419	33	90
10419	154	2706
10424	48	1928
10437	43	141
10440	24	12275
10440	43	141
10455	48	32
10456	25	62
10459	136	1337
10462	25	62
10469	186	718
10476	124	2846
10484	33	90
10489	120	791
10495	116	6627
10500	43	384
10502	43	141
10505	80	344
10516	25	62
10517	25	62
10519	138	6706
10519	160	9596
10522	24	8187
10523	184	3902
10525	143	1551
10525	172	8634
10530	160	6707
10533	25	62
10541	124	4722
10546	34	90
10557	86	12193
10558	24	9688
10558	224	2033
10559	136	13543
10571	24	1553
10571	48	1124
10571	110	494
10581	85	1665
10583	85	1665
10594	33	90
10594	154	1437
10596	85	434
10597	48	32
10602	154	5054
10603	48	6123
10614	48	32
10615	24	3825
10618	43	141
10619	34	90
10620	133	1928
10621	25	62
10634	43	141
10635	136	6866
10635	136	13843
10637	43	141
10640	43	141
10642	24	592
10659	116	6611
10660	136	4283
10665	11	23
10680	48	32
10681	48	32
10684	33	90
10696	43	141
10708	154	2438
10713	25	62
10715	85	434
10719	85	434
10735	48	382
10735	159	5015
10736	60	90
10743	48	1934
10744	116	355
10759	185	32
10762	25	62
10767	25	62
10772	82	1771
10775	120	791
10775	154	2438
10778	80	911
10782	203	13061
10786	48	181
10791	11	1794
10791	155	10433
10797	172	8634
10798	24	14280
10803	127	226
10805	24	9581
10807	43	384
10809	48	32
10815	48	1124
10829	25	62
10835	48	181
10838	154	6220
10842	186	8188
10856	80	344
10860	154	5054
10863	43	141
10878	24	9946
10878	138	4514
10887	82	363
10887	100	11058
10891	74	1442
10891	105	12238
10891	116	5446
10891	184	7248
10894	85	434
10902	25	62
10902	124	2956
10905	143	3373
10915	43	384
10917	82	6851
10920	51	160
10926	34	90
10931	48	382
10935	86	928
10937	43	141
10937	85	434
10938	25	62
10945	33	90
10950	85	1665
10954	154	10452
10955	25	62
10956	43	141
10957	154	2438
10963	154	2438
10966	143	226
10971	181	1002
10972	120	791
10973	39	1327
10976	43	141
10979	48	382
10988	48	382
10988	48	1124
10989	25	62
10990	143	3554
10993	34	90
11001	39	1327
11007	85	434
11015	43	141
11020	83	249
11021	83	9029
11022	39	540
11022	43	141
11028	24	13409
11028	43	384
11028	48	32
11032	25	62
11032	154	2706
11039	43	141
11039	48	382
11043	48	32
11049	116	6627
11051	82	1771
11052	43	141
11052	100	5334
11065	11	23
11066	25	62
11072	11	23
11073	109	4874
11079	155	3423
11084	127	4331
11086	135	382
11089	74	1769
11089	155	3771
11090	48	32
11097	202	7763
11113	43	141
11113	85	434
11114	25	62
11114	217	4081
11121	82	12778
11127	43	141
11128	85	434
11143	124	2846
11144	83	2879
11144	83	4764
11144	83	9277
11144	113	737
11146	115	747
11154	48	32
11157	43	141
11159	43	141
11159	48	382
11160	25	62
11165	48	1080
11171	91	494
11182	82	1424
11185	172	5721
11187	232	160
11191	25	62
11193	43	141
11194	91	494
11198	48	1124
11199	51	160
11199	185	382
11209	48	1124
11209	82	4372
11210	83	592
11221	172	8634
11224	80	344
11227	48	1124
11228	25	62
11242	120	791
11242	154	2706
11247	80	344
11249	80	344
11251	84	1337
11260	24	352
11260	43	141
11270	139	90
11270	221	160
11272	25	62
11277	80	344
11288	48	1124
11290	43	141
11314	116	5446
11314	223	4624
11318	43	384
11318	48	1124
11318	187	2349
11320	85	434
11321	48	1928
11323	82	6851
11326	25	62
11329	82	1771
11329	85	434
11334	24	6088
11334	82	13687
11336	115	6114
11338	24	352
11341	48	32
11342	48	32
11344	160	9564
11347	43	141
11347	224	5011
11350	48	1124
11357	124	2846
11367	25	62
11367	133	119
11368	48	1124
11368	100	160
11371	167	1768
11375	33	90
11375	120	791
11381	48	32
11386	25	62
11389	116	3118
11397	124	873
11401	25	62
11401	43	141
11402	155	9700
11403	116	4161
11405	167	1768
11406	48	1124
11406	160	249
11416	109	13109
11418	25	62
11418	105	8805
11421	25	62
11423	83	105
11425	120	791
11428	25	62
11428	124	4722
11428	128	90
11434	143	1478
11442	100	10040
11442	100	12734
11446	85	434
11447	120	791
11458	43	141
11458	48	32
11468	39	105
11468	43	141
11469	154	2438
11472	85	434
11479	25	62
11483	25	62
11499	43	384
11505	48	32
11506	80	12630
11524	167	1768
11526	116	8195
11537	181	8217
11547	43	141
11548	25	62
11550	33	90
11554	39	4843
11563	154	1437
11566	80	344
11575	48	1124
11578	48	32
11578	85	434
11584	16	32
11586	39	10705
11589	118	774
11590	110	494
11591	85	434
11602	100	160
11607	25	62
11609	83	6079
11615	80	344
11626	116	3155
11628	236	6093
11632	48	382
11633	48	32
11638	212	3299
11641	85	434
11645	39	1327
11656	83	9277
11658	48	32
11662	86	7410
11666	43	141
11670	25	62
11673	43	141
11678	48	32
11681	154	1437
11689	43	141
11689	48	32
11691	120	791
11696	25	62
11697	34	90
11697	84	6810
11700	85	434
11702	43	141
11702	100	29
11713	155	2118
11715	109	4209
11715	191	3567
11717	232	160
11720	43	384
11721	25	62
11727	43	141
11728	83	954
11730	172	7192
11737	43	141
11738	154	2438
11741	39	7132
11743	25	62
11744	120	791
11744	154	2438
11745	16	32
11750	25	62
11754	85	434
11754	224	6079
11758	43	384
11761	113	5770
11790	82	1771
11801	48	32
11801	232	160
11805	120	791
11814	25	62
11815	24	1928
11833	48	32
11838	24	3160
11838	25	62
11843	124	2846
11843	143	2589
11844	167	1768
11847	85	434
11849	124	2846
11857	85	434
11860	111	7683
11860	154	2706
11864	82	2456
11878	85	434
11881	25	62
11882	25	62
11882	185	1928
11899	127	4331
11902	48	1124
11905	39	8167
11906	24	12838
11906	100	160
11907	25	62
11911	187	2349
11917	48	1928
11923	118	774
11924	80	344
11925	25	62
11926	43	141
11928	25	62
11933	48	382
11935	43	384
11936	172	7192
11939	154	1437
11946	83	3263
11947	43	384
11947	82	13692
11957	85	434
11959	83	2780
11964	25	62
11967	25	62
11970	120	791
11991	110	494
11994	166	90
11996	43	141
11997	48	32
12012	120	791
12013	33	90
12015	43	141
12015	85	434
12016	120	791
12019	167	1768
12021	25	62
12023	154	2438
12026	48	181
12028	24	7132
12028	82	8686
12036	120	791
12040	85	434
12051	48	32
12051	85	434
12062	100	160
12064	43	384
12064	100	5334
12070	24	4871
12073	124	2846
12076	43	141
12076	85	434
12076	100	160
12078	85	434
12081	48	382
12081	85	434
12088	83	592
12090	83	5686
12090	113	5770
12095	24	6707
12112	34	90
12113	83	3050
12117	120	791
12120	84	9099
12120	86	11274
12125	154	2706
12129	39	1327
12135	182	12135
12139	48	1124
12139	200	10858
12150	154	2438
12151	185	32
12152	48	1124
12153	24	4994
12163	25	62
12165	43	141
12175	182	2192
12177	25	62
12189	25	62
12191	24	5103
12191	82	2456
12195	24	5866
12195	43	384
12201	48	158
12206	143	9443
12216	120	791
12217	110	494
12226	85	434
12229	24	12408
12229	39	2265
12232	33	90
12232	154	2438
12237	85	434
12243	80	344
12246	24	14079
12246	43	141
12250	51	160
12251	24	1652
12262	120	791
12266	224	4068
12268	85	434
12271	120	791
12283	24	11647
12283	85	434
12284	154	1437
12288	43	141
12288	85	434
12293	43	141
12293	85	434
12299	39	105
12300	25	62
12300	154	2438
12301	82	2357
12301	224	2780
12309	43	141
12312	100	1672
12319	39	592
12324	85	434
12333	43	384
12333	48	1928
12333	100	10040
12340	25	62
12347	48	32
12347	85	434
12363	25	62
12363	120	791
12363	154	2438
12365	34	90
12379	120	791
12392	43	384
12392	82	8686
12395	120	791
12398	100	1672
12400	48	32
12407	25	62
12410	11	23
12410	84	3270
12416	124	873
12417	43	141
12417	85	434
12420	25	62
12427	48	32
12437	86	7023
12437	136	388
12439	100	1946
12445	124	2846
12454	124	2846
12455	154	2438
12458	43	141
12458	85	434
12482	85	434
12483	116	6691
12484	62	13605
12485	43	141
12485	48	853
12505	48	32
12507	43	141
12508	85	1665
12510	120	791
12511	133	32
12514	120	791
12520	25	62
12522	25	62
12528	48	32
12543	43	141
12544	199	592
12547	185	32
12553	25	62
12556	80	344
12558	48	32
12563	120	791
12565	43	141
12566	48	1124
12567	143	1234
12580	25	62
12588	16	32
12589	43	141
12598	25	62
12598	120	791
12605	85	434
12606	39	1633
12608	39	1458
12608	43	141
12610	39	1327
12629	25	62
12634	25	62
12636	33	90
12637	43	141
12639	85	1665
12642	80	4791
12644	100	1672
12648	154	2438
12681	34	90
12681	74	7395
12681	74	9487
12683	33	90
12686	43	141
12692	43	141
12701	25	62
12717	43	384
12723	133	32
12728	43	141
12736	120	791
12761	25	62
12765	24	11558
12765	39	540
12769	124	4722
12782	127	1806
12787	51	160
12797	83	1445
12801	48	32
12803	39	352
12807	80	344
12808	43	384
12809	25	62
12813	85	434
12814	82	1771
12815	43	141
12817	172	7192
12817	172	8634
12820	24	43
12826	124	2956
12830	48	32
12835	48	32
12835	162	6604
12836	120	791
12838	133	1928
12856	33	90
12869	83	4358
12870	48	1928
12870	100	1672
12872	120	791
12873	48	158
12882	25	62
12884	85	1665
12885	154	2438
12890	25	62
12891	133	853
12899	154	2438
12902	83	592
12903	120	791
12911	43	141
12912	43	384
12912	85	434
12913	154	2620
12917	48	6123
12920	154	2438
12921	25	62
12921	33	90
12924	120	791
12927	24	4843
12927	48	181
12935	154	2620
12942	25	62
12949	39	4921
12956	24	3543
12972	154	2706
12974	182	12974
12993	25	62
12999	185	382
13008	143	9277
13012	120	791
13021	33	90
13024	82	1424
13037	25	62
13053	48	158
13056	202	7763
13057	83	12302
13063	85	434
13066	113	737
13066	199	13571
13067	154	2438
13068	25	62
13072	43	141
13072	236	478
13087	120	791
13095	154	6303
13108	25	62
13110	120	791
13113	143	11518
13117	25	62
13119	120	791
13122	154	2438
13138	154	1437
13141	124	4722
13142	33	90
13144	33	90
13158	82	8686
13174	43	384
13176	43	141
13189	25	62
13205	24	1183
13205	39	7605
13205	48	32
13205	202	10978
13213	24	7132
13213	39	7132
13223	212	4563
13230	133	637
13236	24	11927
13239	33	90
13239	120	791
13246	127	1044
13253	43	141
13259	80	344
13275	48	1934
13291	48	158
13302	25	62
13308	43	141
13309	82	9081
13315	154	1874
13323	181	7010
13336	154	2438
13337	154	2438
13341	43	384
13355	43	141
13357	43	141
13361	43	384
13361	48	1124
13365	48	32
13368	185	32
13370	120	791
13373	25	62
13387	154	2438
13406	111	9605
13411	33	90
13415	118	774
13418	48	382
13429	25	62
13433	85	434
13434	195	2550
13452	43	141
13452	212	4563
13456	120	791
13456	154	1874
13462	25	62
13462	33	90
13462	154	2438
13474	154	2620
13475	232	160
13491	118	774
13493	120	791
13496	43	141
13498	25	62
13498	166	924
13505	25	62
13520	120	791
13525	25	62
13534	120	791
13551	48	32
13557	154	2620
13561	25	62
13563	85	434
13565	185	32
13565	185	158
13578	154	1437
13588	120	791
13591	85	434
13597	48	32
13601	34	90
13615	48	1928
13617	113	737
13618	43	141
13623	221	2272
13627	154	1437
13632	25	62
13636	25	62
13636	83	8745
13638	33	90
13645	48	32
13648	60	90
13662	202	3428
13666	25	62
13666	120	791
13667	25	62
13669	25	62
13669	83	11647
13680	124	873
13697	80	344
13699	181	800
13703	25	62
13715	120	791
13725	24	1527
13725	39	12972
13736	25	62
13743	33	90
13753	113	737
13761	48	32
13761	100	8250
13761	200	2883
13772	48	1928
13783	212	194
13786	108	90
13790	80	344
13803	154	1874
13804	199	10697
13805	43	141
13808	133	32
13818	85	434
13835	199	6679
13855	181	8217
13860	24	3760
13869	25	62
13873	24	11631
13873	85	434
13897	62	787
13909	43	141
13914	25	62
13914	185	274
13938	182	13938
13953	172	7192
13959	25	62
13962	85	434
13978	181	1331
13994	25	62
13994	133	32
14007	25	62
14017	120	791
14017	154	1874
14027	25	62
14027	143	1044
14034	100	12734
14055	154	1437
14056	120	791
14057	48	32
14062	25	62
14077	154	1874
14092	25	62
14098	25	62
14107	118	774
14109	25	62
14143	62	10482
14148	48	1928
14154	83	6423
14166	154	2438
14176	43	384
14176	85	434
14176	224	4152
14183	25	62
14191	120	791
14208	25	62
14213	85	434
14219	25	62
14228	33	90
14237	80	12399
14243	83	13246
14244	43	141
14248	43	141
14255	83	2879
14262	143	3373
14266	154	1437
14272	118	774
14296	154	6303
14322	154	10452
14357	25	62
14374	25	62
14386	143	6778
14390	154	2620
14395	25	62
14401	51	160
14401	185	32
14424	154	2438
14460	83	249
14460	83	9760
14468	182	14468
14478	182	14478
14515	118	774
14516	25	62
14517	25	62
14519	25	62
14520	118	774
14521	25	62
14523	118	774
14526	210	14527
14530	118	774
14531	25	62
14532	25	62
14533	181	1331
14534	181	1331
14535	118	774
14537	210	14527
14539	25	62
14540	25	62
